10766.930660000009
10766.930660000009
10772.930900000008
10778.931140000008
10779.931180000007
10780.931220000011
10781.431240000009
10781.431240000009
10781.93126000001
10781.931260000008
10781.931260000012
10784.43136000001
10784.43136000001
10784.431360000008
10786.431440000008
10786.93146000001
10786.931460000009
10786.931460000009
10786.931460000009
10787.43148000001
10787.931500000008
10788.43152000001
10788.431520000007
10788.43152000001
10788.431520000011
10788.43152000001
10788.43152000001
10788.43152000001
10788.43152000001
10788.43152000001
10788.43152000001
10788.43152000001
10788.43152000001
10788.431520000011
10788.43152000001
10788.43152000001
10788.43152000001
10788.43152000001
10788.43152000001
10788.931540000009
10789.431560000008
10789.431560000008
10789.431560000008
10789.43156000001
10789.431560000008
10789.43156000001
10789.431560000008
10789.43156000001
10789.43156000001
10789.431560000008
10789.43156000001
10789.43156000001
10789.431560000008
10789.431560000008
10789.431560000008
10789.43156000001
10789.43156000001
10789.431560000008
10789.431560000008
10789.431560000008
10789.431560000008
10789.431560000008
10789.431560000008
10789.43156000001
10789.43156000001
10789.431560000008
10789.431560000008
10789.43156000001
10789.43156000001
10789.43156000001
10789.431560000008
10789.431560000008
10791.93166000001
10791.93166000001
10791.93166000001
10791.93166000001
10791.93166000001
10791.93166000001
10791.93166000001
10791.931660000011
10791.93166000001
10791.93166000001
10791.93166000001
10792.431680000009
10792.431680000009
10792.431680000009
10792.431680000009
10792.431680000009
10792.431680000009
10792.431680000009
10792.431680000009
10792.431680000009
10792.431680000009
10792.431680000009
10792.431680000009
10792.431680000009
10792.43168000001
10792.431680000009
10792.431680000009
10792.431680000009
10792.431680000009
10792.431680000009
10792.431680000009
10792.431680000009
10792.43168000001
10792.431680000009
10792.431680000009
10792.431680000009
10792.43168000001
10792.431680000007
10793.431720000011
10793.43172000001
10793.931740000009
10794.43176000001
10794.43176000001
10794.43176000001
10794.43176000001
10794.43176000001
10794.43176000001
10794.43176000001
10794.431760000009
10794.43176000001
10794.43176000001
10794.43176000001
10794.431760000009
10794.43176000001
10794.43176000001
10794.43176000001
10794.431760000009
10794.93178000001
10795.931820000009
10795.93182000001
10795.931820000009
10795.93182000001
10795.931820000009
10795.931820000009
10795.931820000009
10795.931820000009
10795.931820000009
10795.93182000001
10795.931820000009
10795.931820000009
10795.931820000009
10795.93182000001
10795.93182000001
10795.931820000009
10795.931820000009
10795.93182000001
10795.931820000009
10795.931820000009
10795.931820000009
10795.931820000009
10795.931820000009
10795.931820000009
10795.931820000009
10795.931820000009
10795.931820000009
10795.93182000001
10795.931820000009
10795.931820000009
10795.931820000009
10795.931820000009
10795.931820000009
10795.93182000001
10795.931820000009
10795.93182000001
10795.931820000009
10795.931820000009
10795.931820000009
10795.931820000009
10795.93182000001
10795.931820000009
10795.931820000009
10795.931820000009
10795.931820000009
10795.931820000009
10795.931820000009
10795.931820000009
10795.931820000009
10795.931820000009
10795.93182000001
10795.931820000009
10795.93182000001
10795.931820000009
10795.931820000009
10795.931820000009
10795.93182000001
10795.931820000009
10795.931820000009
10795.931820000009
10795.931820000009
10795.931820000009
10795.93182000001
10795.93182000001
10795.931820000009
10795.931820000009
10795.931820000009
10795.93182000001
10795.931820000009
10795.93182000001
10795.931820000009
10795.93182000001
10795.931820000009
10795.931820000009
10795.931820000009
10795.931820000009
10795.931820000009
10795.931820000009
10795.93182000001
10795.931820000009
10795.93182000001
10795.931820000009
10795.931820000009
10795.93182000001
10795.931820000009
10795.931820000009
10795.93182000001
10795.931820000009
10795.931820000009
10795.931820000009
10795.931820000009
10795.931820000009
10795.931820000009
10795.931820000009
10795.931820000009
10795.931820000009
10795.931820000009
10795.931820000009
10795.931820000009
10795.931820000009
10795.931820000009
10795.931820000009
10795.931820000009
10795.931820000009
10795.93182000001
10795.931820000009
10795.931820000009
10795.931820000009
10795.93182000001
10795.931820000009
10795.931820000009
10795.931820000009
10795.931820000009
10795.931820000009
10795.93182000001
10795.93182000001
10795.931820000009
10795.931820000009
10795.931820000009
10795.93182000001
10795.931820000009
10795.93182000001
10795.931820000009
10795.931820000009
10795.931820000009
10795.93182000001
10795.931820000009
10795.931820000009
10795.931820000009
10795.931820000009
10795.931820000009
10795.931820000009
10795.931820000009
10795.93182000001
10795.931820000009
10795.931820000009
10795.931820000009
10795.931820000009
10795.931820000009
10795.93182000001
10795.931820000013
10795.93182000001
10795.931820000009
10795.931820000009
10795.931820000009
10795.93182000001
10795.931820000009
10795.931820000009
10795.931820000009
10795.931820000009
10795.93182000001
10795.93182000001
10795.931820000009
10795.93182000001
10795.93182000001
10795.931820000009
10795.931820000009
10795.93182000001
10795.931820000009
10795.931820000009
10795.931820000009
10795.93182000001
10795.93182000001
10795.931820000009
10795.931820000009
10795.93182000001
10795.931820000009
10795.931820000009
10795.931820000009
10795.931820000009
