10926.43704000001
10916.436640000009
10926.43704000001
10932.437280000007
10936.437440000009
10948.937940000007
10964.43856000001
10973.93894000001
10982.43928000001
10991.43964000001
11002.44008000001
11009.44036000001
11014.94058000001
11020.44080000001
11026.94106000001
11029.94118000001
11031.941260000009
11033.441320000009
11039.441560000008
11041.941660000008
11042.941700000008
11042.94170000001
11042.941700000008
11042.941700000008
11043.44172000001
11043.441720000008
11045.94182000001
11045.94182000001
11045.94182000001
11046.441840000009
11046.94186000001
11049.941980000009
11050.44200000001
11051.44204000001
11052.442080000008
11053.44212000001
11055.442200000009
11055.44220000001
11055.442200000009
11055.442200000009
11055.44220000001
11055.942220000008
11056.942260000009
11057.44228000001
11059.942380000008
11059.942380000008
11059.942380000008
11060.94242000001
11061.44244000001
11061.442440000008
11061.442440000008
11061.442440000012
11061.942460000007
11061.942460000011
11062.942500000008
11062.942500000008
11063.442520000011
11066.442640000008
11066.94266000001
11066.94266000001
11067.44268000001
11067.44268000001
11067.442680000007
11067.44268000001
11067.44268000001
11067.44268000001
11067.442680000007
11067.44268000001
11067.442680000007
11067.44268000001
11067.44268000001
11067.44268000001
11067.44268000001
11067.44268000001
11067.44268000001
11067.44268000001
11067.44268000001
11067.44268000001
11067.942700000009
11067.942700000009
11067.942700000009
11067.94270000001
11067.942700000007
11067.942700000009
11067.942700000009
11067.942700000009
11067.942700000009
11067.942700000009
11067.94270000001
11067.942700000009
11067.94270000001
11067.942700000009
11067.94270000001
11067.942700000009
11067.94270000001
11067.94270000001
11067.942700000009
11067.942700000009
11067.942700000009
11067.942700000009
11067.942700000009
11067.942700000009
11067.942700000009
11067.94270000001
11067.942700000007
11067.94270000001
11067.942700000009
11067.942700000007
11067.942700000009
11067.94270000001
11067.94270000001
11067.942700000009
11067.94270000001
11067.942700000009
11067.942700000009
11067.942700000009
11067.942700000009
11067.942700000009
11067.942700000009
11067.94270000001
11067.94270000001
11067.942700000007
11067.94270000001
11067.942700000009
11067.94270000001
11067.942700000009
11067.94270000001
11067.942700000009
11067.942700000007
11067.942700000009
11067.94270000001
11067.942700000009
11067.942700000009
11067.942700000009
11067.94270000001
11068.44272000001
11068.44272000001
11068.442720000008
11068.44272000001
11068.442720000008
11068.44272000001
11068.44272000001
11068.442720000008
11068.44272000001
11068.44272000001
11068.442720000008
11068.44272000001
11068.44272000001
11068.442720000008
11068.442720000008
11068.44272000001
11068.44272000001
11068.442720000008
11068.442720000008
11068.442720000008
11068.44272000001
11068.44272000001
11068.44272000001
11068.44272000001
11070.942820000007
11070.942820000007
11070.94282000001
11070.94282000001
11070.942820000011
11070.94282000001
11070.94282000001
11070.94282000001
11070.94282000001
11070.94282000001
11070.94282000001
11070.94282000001
11070.94282000001
11070.942820000011
11070.94282000001
11070.942820000007
11070.94282000001
11070.942820000007
11070.94282000001
11070.94282000001
11070.942820000007
11070.94282000001
11070.94282000001
11070.942820000007
11070.94282000001
11070.942820000011
11070.94282000001
11070.942820000007
11070.942820000007
11070.942820000007
11070.94282000001
11070.94282000001
11070.94282000001
11070.942820000011
11070.94282000001
11070.94282000001
11070.942820000007
11070.942820000011
11070.94282000001
11070.94282000001
11070.94282000001
11070.94282000001
11073.442920000009
11073.442920000009
11073.442920000009
11073.44292000001
11073.442920000009
11073.44292000001
11074.44296000001
11074.942980000009
11074.942980000009
11074.942980000009
11074.942980000009
11074.942980000009
11074.942980000009
11074.94298000001
11074.94298000001
11074.94298000001
11074.942980000009
11074.942980000009
11074.942980000007
11077.44308000001
11077.44308000001
11077.443080000008
11077.443080000008
11077.44308000001
11077.44308000001
11077.443080000008
11077.443080000008
11077.443080000008
11077.443080000008
11077.44308000001
11077.443080000008
11077.44308000001
11077.443080000008
11077.44308000001
11077.44308000001
11077.44308000001
11077.44308000001
11077.443080000008
11077.44308000001
11077.443080000008
11077.443080000012
11077.44308000001
11077.443080000008
11077.44308000001
11077.44308000001
11077.44308000001
11077.443080000008
11077.443080000008
11077.44308000001
11077.443080000008
11077.44308000001
11077.44308000001
11077.44308000001
11077.443080000008
11077.44308000001
11077.44308000001
11077.443080000008
11077.443080000008
11077.443080000008
11077.443080000012
11077.443080000008
11077.44308000001
11077.44308000001
11077.443080000008
11077.443080000008
11077.943100000011
11077.94310000001
11077.943100000011
11077.94310000001
11077.94310000001
11077.943100000008
11077.943100000008
11077.94310000001
11077.943100000008
11077.94310000001
11077.94310000001
11077.94310000001
11078.44312000001
11079.94318000001
11080.44320000001
11080.443200000009
11080.44320000001
11080.443200000009
11080.44320000001
11080.443200000009
11080.44320000001
11080.443200000009
11080.443200000009
11080.443200000009
11080.443200000009
11080.443200000009
11080.44320000001
11080.443200000007
11080.443200000009
11080.443200000009
11082.943300000008
11082.94330000001
11082.943300000008
11082.943300000008
11082.94330000001
11082.943300000008
11082.94330000001
11082.94330000001
11082.94330000001
11082.94330000001
11082.94330000001
11082.943300000008
11082.943300000008
11082.943300000008
11082.94330000001
11082.943300000008
11082.94330000001
11082.94330000001
11082.94330000001
11082.94330000001
11082.94330000001
11082.943300000008
11082.94330000001
11082.94330000001
11082.94330000001
11082.94330000001
11082.94330000001
11082.943300000008
11082.94330000001
11082.94330000001
11082.943300000008
11082.94330000001
11082.943300000006
11082.94330000001
11082.94330000001
11082.94330000001
11082.94330000001
11082.94330000001
11082.943300000008
11082.943300000008
11082.94330000001
11082.943300000008
11082.94330000001
11082.94330000001
11082.94330000001
11082.94330000001
11082.943300000008
11082.94330000001
11082.94330000001
11082.94330000001
11082.94330000001
11082.943300000008
11082.94330000001
11082.94330000001
