1
8730.849220000007
8741.849660000005
8755.850220000006
8760.350400000008
8764.350560000006
8767.350680000007
8767.850700000008
8769.350760000007
8774.350960000007
8778.851140000006
8783.351320000007
8784.351360000008
8786.351440000008
8787.851500000006
8790.351600000007
8791.851660000008
8795.351800000006
8796.351840000008
8796.851860000006
8797.351880000007
8797.351880000007
8797.351880000007
8797.351880000007
8798.851940000008
8799.851980000007
8799.851980000007
8799.851980000007
8799.851980000007
8799.851980000009
8802.852100000007
8803.852140000006
8805.352200000007
8805.352200000007
8806.352240000007
8806.852260000007
8806.852260000007
8807.852300000006
8808.352320000007
8808.352320000007
8808.352320000007
8808.352320000007
8808.352320000007
8808.352320000007
8808.352320000007
8808.352320000007
8808.352320000009
8808.352320000007
8808.352320000007
8808.352320000007
8808.352320000007
8808.352320000007
8808.352320000007
8808.352320000007
8808.352320000009
8808.352320000007
8808.352320000007
8808.352320000007
8808.352320000005
8808.352320000007
8808.352320000007
8808.352320000007
8808.852340000007
8808.852340000009
8808.852340000007
8808.852340000007
8808.852340000007
8808.852340000007
8808.852340000007
8808.852340000009
8808.852340000007
8808.852340000009
8808.852340000007
8808.852340000007
8808.852340000007
8808.852340000007
8808.852340000007
8808.852340000007
8808.852340000007
8808.852340000007
8808.852340000007
8808.852340000005
8808.852340000007
8808.852340000009
8808.852340000005
8808.852340000007
8808.852340000007
8808.852340000007
8808.852340000007
8808.852340000007
8808.852340000007
8808.852340000007
8808.852340000007
8808.852340000007
8808.852340000007
8808.852340000005
8808.852340000009
8808.852340000007
8808.852340000007
8808.852340000007
8808.852340000009
8808.852340000007
8808.852340000005
8808.852340000007
8808.852340000007
8808.852340000007
8808.852340000007
8808.852340000007
8808.852340000007
8808.852340000007
8811.352440000006
8811.352440000006
8811.352440000006
8811.352440000006
8811.352440000006
8811.352440000008
8811.352440000006
8811.352440000008
8811.352440000006
8811.352440000008
8811.352440000006
8811.352440000006
8811.352440000006
8811.352440000006
8811.352440000006
8811.352440000008
8811.352440000006
8811.352440000006
8811.352440000008
8811.352440000006
8811.352440000008
8811.352440000006
8811.352440000008
8811.352440000008
8811.352440000006
8811.352440000006
8811.352440000008
8811.352440000008
8811.352440000008
8811.352440000006
8811.352440000006
8811.352440000006
8811.352440000008
8811.352440000006
8811.352440000006
8811.352440000006
8811.352440000008
8811.352440000006
8811.352440000006
8811.352440000006
8811.352440000006
8811.352440000008
8811.352440000006
8811.352440000008
8811.352440000006
8811.352440000008
8811.352440000006
8811.352440000008
8811.352440000008
8811.352440000008
8811.352440000008
8811.352440000008
8811.352440000008
8811.352440000008
8811.352440000008
8811.352440000006
8811.352440000008
8811.352440000006
8811.352440000006
8811.352440000006
8811.352440000008
8811.352440000008
8811.352440000006
8811.352440000006
8811.352440000006
8811.352440000006
8811.352440000008
8811.352440000008
8811.352440000008
8811.352440000006
8811.352440000008
8811.352440000008
8811.352440000006
8811.352440000008
8811.352440000006
8811.352440000006
8811.352440000008
8811.352440000006
8811.352440000006
8811.352440000006
8811.352440000006
8811.352440000006
8811.352440000006
8811.352440000006
8811.352440000008
8811.352440000008
8811.352440000008
8811.352440000006
8811.352440000008
8811.352440000006
8811.352440000006
8811.352440000008
8811.352440000008
8811.352440000006
8811.352440000006
8811.352440000006
8811.352440000006
8811.352440000006
8811.352440000006
8811.352440000008
8811.352440000008
8811.352440000006
8811.352440000008
8811.352440000006
8811.352440000008
8811.352440000006
8811.352440000006
8811.352440000006
8811.352440000006
8811.352440000006
8811.352440000006
8811.352440000006
8811.352440000006
8811.352440000006
8811.352440000006
8811.352440000008
8811.352440000006
8811.352440000008
8811.352440000006
8811.352440000006
8811.352440000008
8811.352440000006
8811.352440000006
8811.352440000006
8811.352440000008
8811.352440000006
8811.352440000006
8811.352440000008
8811.352440000006
8811.352440000008
8811.352440000006
8813.852540000007
8813.852540000007
8813.852540000007
8813.852540000007
8813.852540000007
8813.852540000005
8813.852540000007
8813.852540000007
8813.852540000007
8813.852540000007
8813.852540000007
8813.852540000007
8813.852540000007
8813.852540000007
8813.852540000007
8813.852540000007
8813.852540000009
8813.852540000007
8813.852540000007
8813.852540000007
8813.852540000007
8813.852540000007
8813.852540000007
8813.852540000007
8813.852540000007
8813.852540000007
8813.852540000007
8813.852540000007
8813.852540000007
8813.852540000007
8813.852540000007
8813.852540000007
8813.852540000007
8813.852540000007
8813.852540000007
8813.852540000007
8813.852540000007
8813.852540000007
8813.852540000007
8813.852540000007
8813.852540000007
8813.852540000005
8813.852540000007
8813.852540000007
8813.852540000007
8813.852540000007
8813.852540000007
8813.852540000007
8813.852540000007
8813.852540000007
8813.852540000007
8813.852540000007
8813.852540000007
8813.852540000007
8813.852540000007
8813.852540000007
8813.852540000007
8813.852540000007
8813.852540000007
